[A1.jpg]
filters=dir_tint=1,0.486607,0.216080,0.250000,0.250000,ff17007b,0;dir_tint=1,0.806920,0.177554,0.368421,0.250000,ffcc6601,0;
moddate=6d5600a89e2ddc01
width=5472
height=3648
textactive=0
